<?xml version="1.0"?>
<opencv_storage>
<CameraMatrix type_id="opencv-matrix">
  <rows>3</rows>
  <cols>3</cols>
  <dt>f</dt>
  <data>
    491.06921915 0. 343.50474253
    0. 493.29921456 239.78116184
    0. 0. 1.
  </data>
</CameraMatrix>
<DistortionCoeffs type_id="opencv-matrix">
  <rows>5</rows>
  <cols>1</cols>
  <dt>f</dt>
  <data>
    -0.37784144981304374
	0.22280186957510012
    -0.000503901194862233
    -0.0002281748823139769
    -0.08522808146425541
  </data>
</DistortionCoeffs>
<RotationValues type_id="opencv-matrix">
  <rows>3</rows>
  <cols>1</cols>
  <dt>f</dt>
  <data>
    -1.1609248955847282 -0.6141042452462888 -0.8375681387550545</data></RotationValues>
<TranslationValues type_id="opencv-matrix">
  <rows>3</rows>
  <cols>1</cols>
  <dt>f</dt>
  <data>
    -718.1184711814669 958.0100132406981 3733.102965268561</data></TranslationValues>
</opencv_storage>
