<?xml version="1.0"?>
<opencv_storage>
<CameraMatrix type_id="opencv-matrix">
  <rows>3</rows>
  <cols>3</cols>
  <dt>f</dt>
  <data>
    489.40980861 0. 322.25426639
    0. 487.85539355 233.08356614
    0. 0. 1.
  </data>
</CameraMatrix>
<DistortionCoeffs type_id="opencv-matrix">
  <rows>5</rows>
  <cols>1</cols>
  <dt>f</dt>
  <data>
    -0.3557215440541921
    0.1571661394830551
    0.0010305051599578555
    -0.00030660027739180844
    -0.02926748915561554
  </data>
</DistortionCoeffs>
<RotationValues type_id="opencv-matrix">
  <rows>3</rows>
  <cols>1</cols>
  <dt>f</dt>
  <data>
    -0.9649572019611853 -0.8895514450016095 -1.3166366412074175</data></RotationValues>
<TranslationValues type_id="opencv-matrix">
  <rows>3</rows>
  <cols>1</cols>
  <dt>f</dt>
  <data>
    470.741515687271 1098.653492982311 2830.4484534063668</data></TranslationValues>
</opencv_storage>
