<?xml version="1.0"?>
<opencv_storage>
<CameraMatrix type_id="opencv-matrix">
  <rows>3</rows>
  <cols>3</cols>
  <dt>f</dt>
  <data>
    488.34396235 0. 330.10965521
    0. 490.7765065 224.42083008
    0. 0. 1.
  </data>
</CameraMatrix>
<DistortionCoeffs type_id="opencv-matrix">
  <rows>5</rows>
  <cols>1</cols>
  <dt>f</dt>
  <data>
    -0.3659123878399969
    0.19896945880243758
    0.0008225636732742972
    -0.00030091178538080315
    -0.07440087119684248
  </data>
</DistortionCoeffs>
<RotationValues type_id="opencv-matrix">
  <rows>3</rows>
  <cols>1</cols>
  <dt>f</dt>
  <data>
    -1.577237641280145 0.024617093366304653 0.013126240694102554</data></RotationValues>
<TranslationValues type_id="opencv-matrix">
  <rows>3</rows>
  <cols>1</cols>
  <dt>f</dt>
  <data>
    -259.7277307922695 1478.8132257826453 3581.0798157058616</data></TranslationValues>
</opencv_storage>
