<?xml version="1.0"?>
<opencv_storage>
<CameraMatrix type_id="opencv-matrix">
  <rows>3</rows>
  <cols>3</cols>
  <dt>f</dt>
  <data>
    488.34396235 0. 330.10965521
    0. 490.7765065 224.42083008
    0. 0. 1.
  </data>
</CameraMatrix>
<DistortionCoeffs type_id="opencv-matrix">
  <rows>5</rows>
  <cols>1</cols>
  <dt>f</dt>
  <data>
    -0.3659123878399969
    0.19896945880243758
    0.0008225636732742972
    -0.00030091178538080315
    -0.07440087119684248
  </data>
</DistortionCoeffs>
<RotationValues type_id="opencv-matrix">
  <rows>3</rows>
  <cols>1</cols>
  <dt>f</dt>
  <data>
    -1.272588084813355 -0.032377003159525776 -0.009380929792803553</data></RotationValues>
<TranslationValues type_id="opencv-matrix">
  <rows>3</rows>
  <cols>1</cols>
  <dt>f</dt>
  <data>
    -676.7797565272758 1000.5911944440395 3621.999024044687</data></TranslationValues>
</opencv_storage>
