<?xml version="1.0"?>
<opencv_storage>
<CameraMatrix type_id="opencv-matrix">
  <rows>3</rows>
  <cols>3</cols>
  <dt>f</dt>
  <data>
    489.49204469 0. 333.10932837
    0. 491.95624291 215.81804237
    0. 0. 1.
  </data>
</CameraMatrix>
<DistortionCoeffs type_id="opencv-matrix">
  <rows>5</rows>
  <cols>1</cols>
  <dt>f</dt>
  <data>
    -0.3639428858834566
    0.18927640725078876
    0.001000933086464228
    -3.997363010345719e-05
    -0.06077590400508547
  </data>
</DistortionCoeffs>
<RotationValues type_id="opencv-matrix">
  <rows>3</rows>
  <cols>1</cols>
  <dt>f</dt>
  <data>
    -1.1860753050740016 0.537481772583097 0.7133230029727322</data></RotationValues>
<TranslationValues type_id="opencv-matrix">
  <rows>3</rows>
  <cols>1</cols>
  <dt>f</dt>
  <data>
    -154.3986532523753 773.3216350664159 4183.292024641557</data></TranslationValues>
</opencv_storage>
