<?xml version="1.0"?>
<opencv_storage>
<CameraMatrix type_id="opencv-matrix">
  <rows>3</rows>
  <cols>3</cols>
  <dt>f</dt>
  <data>
    489.49204469 0. 333.10932837
    0. 491.95624291 215.81804237
    0. 0. 1.
  </data>
</CameraMatrix>
<DistortionCoeffs type_id="opencv-matrix">
  <rows>5</rows>
  <cols>1</cols>
  <dt>f</dt>
  <data>
    -0.3639428858834566
    0.18927640725078876
    0.001000933086464228
    -3.997363010345719e-05
    -0.06077590400508547
  </data>
</DistortionCoeffs>
<RotationValues type_id="opencv-matrix">
  <rows>3</rows>
  <cols>1</cols>
  <dt>f</dt>
  <data>
    -1.3540804308362187 0.5446977974525142 0.6242921918846208</data></RotationValues>
<TranslationValues type_id="opencv-matrix">
  <rows>3</rows>
  <cols>1</cols>
  <dt>f</dt>
  <data>
    235.57646914672793 819.5515441115317 4596.107180994614</data></TranslationValues>
</opencv_storage>
